20 20
-01 -01 -01 -01 -01 -01 -01 -01 -01 -01 -01 -01 -01 -01 -01 -01 -01 -01 -01 -01
-01 -01 -01 -01 -01 -01 -01 -01 -01 -01 -01 -01 -01 -01 -01 -01 -01 -01 -01 -01
-01 -01 -01 -01 -01 -01 -01 -01 -01 -01 -01 -01 -01 -01 -01 -01 -01 -01 -01 -01
-01 -01 160 161 -01 -01 -01 -01 -01 -01 -01 -01 -01 -01 -01 -01 -01 -01 -01 -01
-01 -01 -01 -01 -01 -01 -01 -01 -01 -01 -01 -01 -01 -01 -01 -01 -01 -01 -01 -01
-01 -01 -01 -01 -01 -01 -01 -01 -01 -01 -01 -01 -01 -01 -01 -01 -01 -01 -01 -01
-01 -01 -01 -01 -01 -01 -01 -01 -01 -01 -01 -01 -01 -01 -01 -01 -01 -01 -01 -01
-01 -01 -01 -01 -01 -01 -01 -01 -01 -01 -01 -01 -01 -01 -01 -01 -01 -01 -01 -01
-01 -01 -01 -01 -01 -01 -01 -01 -01 -01 -01 -01 -01 -01 -01 -01 -01 -01 -01 -01
-01 -01 -01 -01 -01 -01 -01 -01 -01 -01 -01 -01 -01 -01 -01 -01 -01 -01 -01 -01
-01 -01 -01 -01 -01 -01 -01 -01 -01 -01 -01 -01 -01 -01 -01 -01 -01 -01 -01 -01
-01 -01 -01 -01 -01 -01 -01 -01 -01 -01 -01 -01 -01 -01 -01 -01 -01 -01 -01 -01
-01 -01 -01 -01 -01 -01 -01 -01 -01 -01 -01 -01 -01 -01 -01 -01 -01 -01 -01 -01
-01 -01 -01 -01 -01 -01 -01 -01 -01 -01 -01 -01 -01 -01 -01 -01 -01 -01 -01 -01
-01 -01 -01 -01 -01 -01 -01 -01 -01 -01 -01 -01 -01 -01 -01 -01 -01 -01 -01 -01
-01 -01 -01 -01 -01 -01 -01 -01 -01 -01 -01 -01 -01 -01 -01 -01 -01 -01 -01 -01
-01 -01 -01 -01 -01 -01 -01 -01 -01 -01 -01 -01 -01 -01 -01 -01 -01 -01 -01 -01
-01 -01 -01 -01 -01 -01 -01 -01 -01 -01 -01 -01 -01 -01 -01 -01 -01 -01 -01 -01
-01 -01 -01 -01 -01 -01 -01 -01 -01 -01 -01 -01 -01 -01 -01 -01 -01 -01 -01 -01
-01 -01 -01 -01 -01 -01 -01 -01 -01 -01 -01 -01 -01 -01 -01 -01 -01 -01 -01 -01